Conductor subgrid iteration 0.
0 | 0 0 0 1 0 1 1 0 0 0 | 0 
- - - - - - - - - - - - - - 
1 | 1 0 1 1 1 1 0 0 1 1 | 1 
0 | 0 1 0 1 1 0 0 0 0 0 | 0 
1 | 1 0 1 1 0 0 0 1 1 1 | 1 
0 | 1 0 0 0 1 1 1 0 1 0 | 1 
0 | 1 1 1 1 0 1 0 0 1 0 | 1 
- - - - - - - - - - - - - - 
1 | 1 0 1 1 1 1 0 0 1 1 | 1 
Process #0 of 4 received subgrid from 1 on iteration 0:
0 | 1 1 1 1 0 1 0 0 1 0 | 1 
- - - - - - - - - - - - - - 
1 | 1 0 1 1 1 1 0 0 1 1 | 1 
0 | 0 1 0 1 1 0 0 0 0 0 | 0 
1 | 1 0 1 1 0 0 0 1 1 1 | 1 
0 | 1 0 0 0 1 1 1 0 1 0 | 1 
0 | 1 1 1 1 0 1 0 0 1 0 | 1 
- - - - - - - - - - - - - - 
1 | 0 1 0 1 1 0 0 1 1 1 | 0 
Process #0 of 4 received subgrid from 2 on iteration 0:
0 | 1 1 1 1 0 1 0 0 1 0 | 1 
- - - - - - - - - - - - - - 
1 | 0 1 0 1 1 0 0 1 1 1 | 0 
0 | 0 1 1 1 1 1 0 1 1 0 | 0 
1 | 0 0 1 1 1 1 0 0 0 1 | 0 
1 | 1 0 0 0 1 0 0 1 1 1 | 1 
1 | 1 1 0 0 0 1 0 0 0 1 | 1 
- - - - - - - - - - - - - - 
0 | 0 1 0 0 1 0 0 0 1 0 | 0 
Process #0 of 4 received subgrid from 3 on iteration 0:
1 | 1 1 0 0 0 1 0 0 0 1 | 1 
- - - - - - - - - - - - - - 
0 | 0 1 0 0 1 0 0 0 1 0 | 0 
1 | 0 0 1 1 0 1 0 1 1 1 | 0 
0 | 1 0 0 0 1 1 1 1 0 0 | 1 
0 | 0 0 0 0 0 1 1 0 0 0 | 0 
0 | 0 0 0 1 0 1 1 0 0 0 | 0 
- - - - - - - - - - - - - - 
1 | 1 0 1 1 1 1 0 0 1 1 | 1 
Conductor subgrid iteration 1.
1 | 0 0 1 1 0 0 0 1 0 1 | 0 
- - - - - - - - - - - - - - 
1 | 1 1 0 0 0 0 1 0 0 1 | 1 
0 | 0 0 0 0 0 1 0 1 0 0 | 0 
0 | 1 0 1 0 0 0 1 1 1 0 | 1 
0 | 0 0 0 0 0 1 1 0 0 0 | 0 
0 | 0 0 0 0 0 0 0 0 1 0 | 0 
- - - - - - - - - - - - - - 
0 | 0 0 0 0 0 1 0 0 1 0 | 0 
Process #0 of 4 received subgrid from 1 on iteration 1:
0 | 0 0 0 0 0 0 0 0 1 0 | 0 
- - - - - - - - - - - - - - 
0 | 0 0 0 0 0 1 0 0 1 0 | 0 
0 | 0 0 0 0 0 1 0 1 0 0 | 0 
0 | 1 0 1 0 0 0 1 1 1 0 | 1 
0 | 0 0 0 0 0 1 1 0 0 0 | 0 
0 | 0 0 0 0 0 0 0 0 0 0 | 0 
- - - - - - - - - - - - - - 
0 | 0 0 0 0 0 0 0 0 0 0 | 0 
Process #0 of 4 received subgrid from 2 on iteration 1:
0 | 0 0 0 0 0 0 0 0 0 0 | 0 
- - - - - - - - - - - - - - 
0 | 0 0 0 0 0 0 0 0 0 0 | 0 
0 | 0 1 0 0 0 0 0 1 0 0 | 0 
0 | 0 0 0 0 0 0 0 0 0 0 | 0 
0 | 0 0 1 0 0 0 1 0 0 0 | 0 
0 | 0 1 0 0 1 1 0 1 0 0 | 0 
- - - - - - - - - - - - - - 
0 | 0 1 0 1 1 1 1 1 0 0 | 0 
Process #0 of 4 received subgrid from 3 on iteration 1:
0 | 0 1 0 0 1 1 0 1 0 0 | 0 
- - - - - - - - - - - - - - 
0 | 0 1 0 1 1 1 1 1 0 0 | 0 
1 | 1 1 1 1 0 0 0 0 0 1 | 1 
1 | 0 0 0 1 0 0 0 0 0 1 | 0 
0 | 0 0 0 0 0 0 0 0 0 0 | 0 
1 | 0 0 1 1 0 0 0 1 0 1 | 0 
- - - - - - - - - - - - - - 
1 | 1 1 0 0 0 0 1 0 0 1 | 1 
